42.1000022888184
41.2999992370605
41.4000015258789
41.2000007629395
41.2999992370605
40.2999992370605
40.6000022888184
39.7999992370605
40.7000007629395
41.5
40.7999992370605
39.6000022888184
40.2000007629395
40.5
40.9000015258789
40.5
40.6000022888184
41.6000022888184
40.2000007629395
41.7999992370605
38.6000022888184
41
40.5
41.2999992370605
41
40.7999992370605
41.2000007629395
41.9000015258789
40.7000007629395
40.2000007629395
42.7000007629395
41
42.7000007629395
42.2999992370605
41.2000007629395
41.7000007629395
41.4000015258789
40.9000015258789
42.4000015258789
42.4000015258789
40.7999992370605
43.2000007629395
41.9000015258789
41.2999992370605
41.5
40.9000015258789
42.2000007629395
41.7000007629395
40.9000015258789
41
42.2999992370605
41.2000007629395
41.2000007629395
41
40.1000022888184
41.2999992370605
41.4000015258789
42
42
42.5
41.7999992370605
42.2000007629395
42.2999992370605
41.5
40.7999992370605
41.7000007629395
40.7999992370605
40.4000015258789
41.9000015258789
42
42.7999992370605
42.4000015258789
41.4000015258789
42.7000007629395
41
40.4000015258789
41.4000015258789
42.7000007629395
42.2999992370605
42.7000007629395
41.7000007629395
40.7000007629395
41.7999992370605
40
42.2000007629395
41.1000022888184
41.2999992370605
42.1000022888184
43
42.2000007629395
42
40.6000022888184
41.5
42.9000015258789
42.4000015258789
42.2000007629395
41.4000015258789
41.7000007629395
39.6000022888184
41.7999992370605
41.1000022888184
41.7999992370605
43
41.2000007629395
43.2000007629395
41.5
42.2000007629395
41
42.2999992370605
41.9000015258789
42.6000022888184
42.1000022888184
43
42.1000022888184
42.1000022888184
43.1000022888184
43.1000022888184
42.9000015258789
42.9000015258789
44.1000022888184
43
42.6000022888184
44.6000022888184
44.1000022888184
